1.000000000000035749e+00 -9.873580609445535392e-14 1.095107661621163492e-13 -1.449075231832629486e-13 1.416223559464263342e-13 -1.000825941225807438e-13 5.250913352525373781e-14 -4.800983804469757786e-14 4.471645018568257794e-14 -3.832218216348249218e-14 2.375673696136637820e-14 -1.190283783056664861e-14 5.472647639718546187e-15 3.747351413467765668e-15 -9.754349332326613256e-15 1.445170841483429522e-14 -1.524632106772155140e-14 1.115281271366744451e-14 -1.147309234828621625e-14 1.195131981210433808e-14 -9.925409948126172644e-15 6.852972454419562613e-15 -9.196731073755545551e-15 1.014426908776981255e-14 -1.146025932631078932e-14 1.158379850933613142e-14 -1.061215495406637304e-14 8.621131830572009544e-15 -1.952070187034284676e-15
-1.021482927285130873e-13 1.000000000000235589e+00 -2.819119174780000891e-13 3.699154599514582583e-13 -3.557803292731616396e-13 2.619989582732760009e-13 -1.289865029580308262e-13 1.123784031385629765e-13 -1.066698595540141817e-13 8.419559714930802009e-14 -4.719531538195393069e-14 2.508927097691611450e-14 -1.098768813006972309e-14 -2.094029278755020785e-14 5.614215365070942251e-14 -7.739905319755710321e-14 8.016161703226780796e-14 -5.674095837919516705e-14 5.197425127358833715e-14 -4.718567910612130559e-14 3.499946888566577901e-14 -2.296673499705068874e-14 2.865173231064845178e-14 -3.767064858673904183e-14 4.536637619480397131e-14 -5.037024724835551107e-14 4.837300520258857604e-14 -3.525475777331848045e-14 9.349709157000550053e-15
1.042639356278749494e-13 -2.646235038624668975e-13 1.000000000000306644e+00 -3.742097348113632954e-13 3.503058429904383961e-13 -2.477524827669350396e-13 8.120601975369840137e-14 -4.559132323103049972e-14 3.975008412981652680e-14 -3.028570526130159810e-14 6.542790534315375887e-15 -8.016693834775597285e-15 3.400462534061537912e-15 6.728939936494237502e-14 -1.538171693285932508e-13 2.064448954634664197e-13 -1.974875448664421441e-13 1.410245656658003899e-13 -1.119566697731809351e-13 9.245510192032105016e-14 -6.431972024403811961e-14 4.630848114632664479e-14 -5.676748965069539336e-14 6.921943978465174606e-14 -8.561701969487498751e-14 1.008235706221565665e-13 -1.058350948510193768e-13 7.550175691790958108e-14 -2.383293156897884661e-14
-1.174372904686748584e-13 2.927582799755163457e-13 -2.583866917101098867e-13 1.000000000000210498e+00 -1.075206957981590889e-13 8.395396811149279471e-14 5.561319306213684609e-14 -8.339720610438131893e-14 7.222392005783703013e-14 -6.622758580128619489e-14 7.190771598297456493e-14 -3.349213087595198789e-14 2.054363635365122075e-14 -1.118217393298952119e-13 2.359403444664542772e-13 -3.043733017688075811e-13 2.774261126868071978e-13 -1.996700239312216457e-13 1.581017737748624541e-13 -1.208215464433353818e-13 7.680288451749256115e-14 -5.318217083827772809e-14 6.399032046134540185e-14 -7.798177723429798846e-14 1.052697619342271200e-13 -1.329368178334530774e-13 1.492357430593202888e-13 -1.057327082753452720e-13 3.489987699522717534e-14
1.243594686221198246e-13 -3.085308995770630815e-13 2.606270938662606387e-13 -1.046655428429037511e-13 1.000000000000067946e+00 -9.555506538890284485e-14 1.380953711507539507e-14 3.882116200232199427e-14 -5.932674087326420501e-14 5.442735943001609145e-14 -8.167300524384661428e-14 4.704788656889939941e-14 -3.573062489883639929e-14 1.086211608998667752e-13 -2.174616680111755382e-13 2.676393650182180830e-13 -2.296121495225979371e-13 1.655651641180822363e-13 -1.396797940315961040e-13 1.092346189793056165e-13 -5.809065786253483091e-14 2.681127126167238481e-14 -3.613979514643545168e-14 3.645013797697816009e-14 -6.013284087111012902e-14 8.512280188085877439e-14 -1.127332410850730760e-13 8.290369242080904935e-14 -2.746223812465467206e-14
-8.111244578357040264e-14 2.023940142848294816e-13 -1.457790343876288011e-13 2.181145059273778886e-14 -3.240625306233429405e-15 1.000000000000124123e+00 -1.094199519294293852e-13 6.202932010598327126e-14 -4.168788362053968441e-14 -1.032324817419946257e-14 7.121620312329462439e-14 -5.548179018162917781e-14 2.462516818729868672e-14 -5.549089709178283809e-14 1.140095513555103499e-13 -1.319140279046251486e-13 8.668395721059633019e-14 -5.277712219739131665e-14 5.624192264029012699e-14 -4.629518875296794620e-14 -3.432119550988501018e-15 3.094578647437701656e-14 -2.636590803859222454e-14 4.289660417255890993e-14 -3.369104976513006966e-14 1.725040459099833226e-14 2.234983373360183857e-14 -2.438787802748679896e-14 6.243135914961998067e-15
5.000139879723098674e-14 -1.212228675372328885e-13 7.758042004890178663e-14 2.085407423029265250e-14 1.790091876439753038e-14 -1.430104427203582914e-13 1.000000000000150990e+00 -1.568908529797006955e-13 1.096698363091284419e-13 -4.973579321884057774e-14 -5.332740373387126592e-14 4.014393270395855630e-14 -4.038305191903239759e-15 -1.178487717870820125e-14 -3.674832620181901977e-15 -3.267906846579762260e-15 4.594377680788587590e-14 -5.583692052933350960e-14 4.173106443267480183e-14 -4.207479640831439704e-14 7.909107607023839775e-14 -8.882828962266209681e-14 8.016442766007744457e-14 -1.127018350691981904e-13 1.158998098428171168e-13 -9.784890408590361034e-14 4.740525301456203742e-14 -2.471369272344662536e-14 1.183088316485337097e-14
-5.063388181390863654e-14 1.187123112650837954e-13 -6.427462862876973827e-14 -5.195050400462969178e-14 5.478114806060469609e-14 2.209263423892110911e-14 -9.123595822297578202e-14 1.000000000000078604e+00 -1.101766400633135372e-13 4.038452444842709825e-14 6.428023591645083293e-14 -7.033353381635225643e-14 3.258524408116992588e-14 9.719620498216709581e-15 -3.606320613682044252e-14 6.960427694142021905e-14 -1.201354751067809887e-13 1.178020168352060703e-13 -9.556138114993071054e-14 9.007677590462460188e-14 -1.094237693930450856e-13 1.033794278220527573e-13 -9.148186008379454546e-14 1.204715546843549864e-13 -1.245801417585574423e-13 1.054196943180306989e-13 -5.723595548608172010e-14 3.850819536260413210e-14 -1.817333873128671085e-14
4.769913721069534970e-14 -1.169041575290291963e-13 7.526224898233806536e-14 1.987527570056649105e-15 -1.192149247319771939e-14 -5.162451195577680517e-14 8.394831522051092490e-14 -1.245435315269359809e-13 1.000000000000137446e+00 -3.963931344403689725e-14 -7.049284339282058048e-14 6.974859329364944591e-14 -3.489279067941531465e-14 8.050674032109945346e-15 1.807935190778625304e-14 -5.895121899236439960e-14 1.059306783762413276e-13 -1.039758852648487445e-13 7.986676690698792206e-14 -7.149678046676583957e-14 7.663143136134525893e-14 -7.005439695393767881e-14 5.804539935153198622e-14 -9.182722441647630627e-14 1.018238327133494542e-13 -9.846533933890881489e-14 6.156955209103014504e-14 -4.750881630398747043e-14 2.221498743825470103e-14
-4.083227843575644072e-14 8.980136154277070433e-14 -4.763164173757032649e-14 -3.392817439607403575e-14 5.221861236713969713e-14 -3.353202445507555956e-14 -7.209605633142465299e-15 2.506633764601312835e-15 3.363987251730796485e-14 9.999999999998558931e-01 2.365646309622412137e-13 -2.217999513286463335e-13 1.460590548628909365e-13 -9.691298801011231861e-14 5.343610477875465510e-14 1.200266033087118644e-14 -6.861429485310087224e-14 7.283812085021581126e-14 -5.497498599101523073e-14 4.946685911080436230e-14 -4.728246061988454572e-14 4.330007394080438414e-14 -3.143139933256876819e-14 6.151315685403211976e-14 -7.113770649245464628e-14 7.919652287896806974e-14 -5.493638453308082672e-14 4.363872037795000055e-14 -1.990924336891018495e-14
2.492803852733015287e-14 -4.821130991021318461e-14 1.269649046531122344e-14 5.890387914827915114e-14 -1.012537978210031142e-13 1.097467580285717240e-13 -9.351438885286374258e-14 9.880176151352518518e-14 -1.258752834512032822e-13 1.940526989184791303e-13 9.999999999997472022e-01 2.045673165813420289e-13 -1.529465440448206389e-13 1.289139724565938479e-13 -9.754539246623872655e-14 4.158960747820809676e-14 2.522743735908406391e-14 -3.698412338294263708e-14 2.936348328486233492e-14 -2.971572678779245753e-14 2.737373463705767893e-14 -2.617380245480395365e-14 1.475430184556011453e-14 -4.118592767531931620e-14 4.526519901236477522e-14 -5.896463600625193757e-14 4.117420625416365326e-14 -3.147998375419131277e-14 1.331886738906826602e-14
-1.359580665010303090e-14 2.863108657288732419e-14 -1.760901269245803029e-14 -1.692334109214501850e-14 4.984705557342456063e-14 -6.459920168983892790e-14 3.456655047971260288e-14 -6.268972174642682954e-14 1.150371953496992008e-13 -1.898364968458299171e-13 2.119686639188601581e-13 9.999999999998158140e-01 1.197762463327179043e-13 -1.176842822331384710e-13 1.115231988221233509e-13 -7.448503472901491713e-14 2.183438455884796290e-14 4.129042892315536325e-15 -2.919008112612083350e-15 1.463761112090707548e-14 -1.440706083339104413e-14 1.425816005105268649e-14 -3.922142069463608397e-15 2.319916344602146113e-14 -2.743456407103041316e-14 4.165151354706483000e-14 -3.018001382285753622e-14 2.201587047116907692e-14 -9.147401699311677827e-15
7.066599618940620703e-15 -1.507101387662778018e-14 1.546164398111109343e-14 -4.767080338619317387e-16 -1.939557725374150496e-14 7.807515227180397716e-15 2.586273903381721000e-14 -1.109103953203899930e-14 -2.113153663499890115e-14 4.547863189142095074e-14 -3.669210135373358532e-14 -1.679398729949605225e-14 1.000000000000065725e+00 -6.502593323613774503e-14 4.198194887789858573e-14 -6.204301206309748166e-14 1.089761058449840994e-13 -9.711602817968069357e-14 7.428964756295938818e-14 -6.101310367849319352e-14 4.072814029358401512e-14 -2.208099745297313879e-14 2.267820783752488753e-15 -1.071024402467554184e-14 1.334659476249929804e-14 -2.479962247028367360e-14 1.879823147646282886e-14 -1.212150184230405041e-14 5.176072721091700679e-15
3.062901219656344885e-15 -2.002736201376795400e-14 6.282500806105099150e-14 -1.060577326353462974e-13 1.113996518428714002e-13 -6.468079946947896514e-14 -3.925630657852903367e-15 1.131525957008847791e-14 2.203112772392432497e-14 -4.098503013628590962e-14 3.789047783988786099e-14 -4.155174438267961239e-15 -5.491735774658951316e-14 1.000000000000013767e+00 -1.020400751246164004e-14 2.017092818217456855e-14 -9.133816784984494041e-14 1.045100384426375347e-13 -8.665654097258294795e-14 7.123330397342604158e-14 -3.804913856366303765e-14 7.256857770692668543e-15 1.490147535242242713e-14 -1.490442088165800651e-14 8.848225991600023443e-15 1.552054078018205984e-15 -1.550149692654232573e-15 2.011235359692777298e-15 -2.792952898955984426e-15
-9.455190007101694776e-15 5.585029237280007693e-14 -1.503903019698616380e-13 2.304652148285464322e-13 -2.166180060373654082e-13 1.124841878495627684e-13 4.251031426465052469e-15 -5.820462608491721064e-14 4.452005447517572951e-14 -2.989045420508949037e-14 2.712378641167152405e-14 -5.445136546115508284e-14 6.868951305379158070e-14 -3.362198117579206396e-14 1.000000000000013101e+00 -8.084299684763791159e-14 1.888070917484883725e-13 -2.192658483697519290e-13 1.928569342720237085e-13 -1.559610282341809359e-13 8.893010288819639090e-14 -3.251513608842587536e-14 -6.934890870352330530e-15 1.659699952105915994e-14 -1.601954166982255962e-14 1.060766305189101430e-14 -5.548618707063869234e-15 3.927687681396492213e-15 2.208614606330237378e-15
1.440967909275724680e-14 -7.787025764337951617e-14 2.059618849433159344e-13 -3.038220689705900909e-13 2.733150688580939586e-13 -1.389337191426150080e-13 2.052633171868904381e-15 7.183458346702726130e-14 -6.447047710260077469e-14 4.313654170434960935e-14 -1.827842382927732710e-15 -4.162943577528515254e-15 2.317459093026837599e-14 -6.758674423347255925e-14 5.045021327779136776e-14 1.000000000000012212e+00 -1.288896211742879804e-13 2.096106060000566283e-13 -2.066748614986949622e-13 1.600092434326788550e-13 -7.751421515611188214e-14 1.617085655184196267e-14 7.770856379790249852e-15 -1.873246601442145690e-14 1.919415041285972218e-14 -1.710853637319956223e-14 9.850034497565084986e-15 -4.825187112307696958e-15 -1.079898920226162135e-15
-1.540241667296066255e-14 8.109267790258136639e-14 -1.986153409065271674e-13 2.796177087810892321e-13 -2.385030149792852318e-13 9.813393796700597946e-14 3.310979909686853646e-14 -1.095922976548771716e-13 9.566586411720344793e-14 -6.930846584076902762e-14 3.344034853530127092e-14 -2.126160711888901574e-14 2.391634725059769812e-14 -5.608553393464286780e-15 3.473448205273659000e-14 -7.317610239605563706e-14 1.000000000000203615e+00 -2.249750678991334133e-13 2.507609104096883443e-13 -1.594982949280964389e-13 6.040418886310579597e-14 -2.499340131990431036e-15 -1.022953286022961993e-14 1.240465237501631097e-14 -1.780139741072728852e-14 1.404158375742394769e-14 -9.832121385454095017e-15 3.787312220828332348e-15 6.135260079480199050e-16
1.124726769181802685e-14 -5.737464093783338409e-14 1.418948877348764641e-13 -2.014360107273312156e-13 1.723969737619624760e-13 -6.203033573405738584e-14 -4.254824438834842318e-14 1.015309286311316454e-13 -8.354208240516250182e-14 5.096869155848111935e-14 -1.345683078895452703e-14 6.398510862289771878e-15 2.384642848023733346e-15 -1.227124747662248220e-15 -6.095895819635016578e-14 1.496551869558638557e-13 -2.461931469115690502e-13 1.000000000000334399e+00 -2.946193985519019129e-13 2.025596472057874472e-13 -6.540688021463947469e-14 1.530920333749416889e-14 -1.320248290755246535e-14 4.437514856398572004e-15 1.805122957583216833e-15 -4.889611303089957863e-15 8.465317356710037992e-15 -5.169198642537787532e-16 7.333021208613280512e-16
-1.148817974895161144e-14 5.218562383395910695e-14 -1.119665138994182636e-13 1.582101452199614635e-13 -1.425315637380660401e-13 5.979652679299667154e-14 3.645201894329167480e-14 -9.096058459725761674e-14 7.719470098632218972e-14 -5.272007075556919691e-14 2.780364404798610829e-14 -2.141406580741240573e-14 2.264103239524231892e-14 -3.226097176979701640e-14 9.465990158202005767e-14 -2.020586847438493946e-13 3.350640704725539101e-13 -3.792585504470396370e-13 1.000000000000373701e+00 -2.287912023978727141e-13 1.176323878475961109e-13 -5.698879111550933223e-14 5.750168681741339801e-14 -4.288107437259676922e-14 3.494459080200972804e-14 -1.631801819945736189e-14 2.100391432447710292e-15 -2.687424087049674263e-15 -1.921240164001175487e-15
1.198823483746015056e-14 -4.741337265333961451e-14 9.264366320608545619e-14 -1.211715905389104477e-13 1.114887382007968947e-13 -4.950146218370798934e-14 -3.673410225407796583e-14 8.489372371607731361e-14 -6.865119984233032174e-14 4.678948840342349782e-14 -2.780190664293112588e-14 2.927111866097894649e-14 -3.054701713474648658e-14 3.183656370414979027e-14 -7.196268315618133884e-14 1.384077355859252615e-13 -1.960792850597913196e-13 2.236488780815410038e-13 -1.489563992661621508e-13 1.000000000000049294e+00 6.930323644193057284e-14 -6.025768103470727464e-14 3.570711774065882341e-14 -1.171278229692865740e-14 1.115290729170075622e-15 6.867337345281559215e-15 1.676176231559321474e-15 -3.037974601637737264e-16 3.684428420038500441e-15
-9.910769580459401818e-15 3.498242719111929232e-14 -6.414188814012647906e-14 7.660880508925438150e-14 -5.892037652957788663e-14 -2.007610236794046259e-15 7.647818348235552443e-14 -1.073593807408427975e-13 7.683977565571726467e-14 -4.832680127505241197e-14 2.943788442208000316e-14 -2.979685138754000703e-14 3.383115675375607075e-14 -2.839817395835951149e-14 4.563328693764095425e-14 -7.768404581883817569e-14 1.068925004354794835e-13 -1.220503598851753562e-13 9.880598110577711719e-14 2.586664061560975879e-14 9.999999999999011902e-01 1.111649563284330560e-13 -5.742754730096190326e-14 2.589452306042301286e-14 4.258663368368349140e-15 4.748138721334512161e-15 -1.615776797439421106e-14 1.336179457192106849e-14 -1.070760735639065306e-14
6.845585231993861068e-15 -2.295219791629013358e-14 4.616265628715554001e-14 -5.297244787818423935e-14 2.701426724363240940e-14 3.056864518436346451e-14 -8.817143172591788850e-14 1.036877849685768672e-13 -7.300298853170050140e-14 4.858032154417194635e-14 -3.408115720386790326e-14 3.356356586800500978e-14 -3.418041003600358764e-14 2.278315078841026000e-14 -2.608092234899519055e-14 3.542396557641633549e-14 -4.586674796483709593e-14 4.407494265953555516e-14 4.629399072293516857e-15 -7.165010611090331292e-14 1.231519852783112130e-13 9.999999999999256151e-01 1.148720321617077804e-14 1.500489043461517774e-14 -1.803430967476967888e-14 1.732087741145264043e-14 3.463910134963222013e-15 -7.621336238109940540e-15 8.843374882344997780e-15
-9.187685682328371868e-15 2.863143051972492874e-14 -5.665184058856568232e-14 6.385012224393617990e-14 -3.624249808140259812e-14 -2.616028133288361213e-14 7.996949688095531812e-14 -9.191703542383793611e-14 6.014094953649149938e-14 -3.490582506674422782e-14 1.973247818980297908e-14 -1.576971564945823970e-14 1.105165492797352789e-14 5.566940896862518079e-16 -9.762296531156082682e-16 -1.715763024398695691e-14 4.315984308637426657e-14 -7.230016437361853555e-14 7.092137996722398419e-14 -4.703547200975054354e-14 4.351474722555929472e-14 -7.366577605795293436e-14 1.000000000000059730e+00 -6.043097719906031066e-14 3.159405921281793167e-14 -2.698796073291653857e-14 1.589016362952868674e-14 -7.629965224673512246e-16 -7.710830111629665034e-15
1.014838347495126694e-14 -3.769345279882766894e-14 6.920885596425945779e-14 -7.802707644746974209e-14 3.672989770335276726e-14 4.239406266334190545e-14 -1.119910166990369154e-13 1.197509581556313881e-13 -9.170341931907462158e-14 6.140124813402415925e-14 -4.066229977372558311e-14 2.441214647156511930e-14 -6.060718204416556827e-15 -2.083802541988089615e-14 3.388717508711958825e-14 -3.489484348587818974e-14 1.997444081809831299e-14 -1.003851836291892022e-14 2.403408351977879039e-14 -3.393840980522344015e-14 4.297786898718678056e-14 -2.513507883938221778e-14 8.796665883843953697e-15 9.999999999999675815e-01 2.361323123319154534e-14 1.030928973309985336e-14 -1.953288622790985550e-14 9.085201673686444719e-15 4.700733687210867383e-15
-1.145995930623931259e-14 4.537454130964831129e-14 -8.559632761654121520e-14 1.053006316230638725e-13 -6.032194627245003182e-14 -3.335278155363939135e-14 1.154660598134591742e-13 -1.242495104781904167e-13 1.018609037228571303e-13 -7.101775811302494518e-14 4.494341047487229078e-14 -2.865271816861705527e-14 1.200411888651120674e-14 8.980394628392874116e-15 -2.248987236506006457e-14 2.560229019292672337e-14 -1.939048164889009162e-14 9.417224161250285028e-15 -1.140873047263874152e-14 2.513024440976769731e-14 -2.357692517533412162e-14 3.368381744765944378e-14 -2.894891753504028782e-14 2.800202369905342599e-14 9.999999999999691358e-01 4.676602107154957289e-15 1.057409809475326397e-14 -3.190933081762244464e-15 -1.067913693203093263e-14
1.158761314405503534e-14 -5.039331638225014019e-14 1.008558930791334394e-13 -1.330371686850913514e-13 8.536682684542416041e-14 1.685101665341195638e-14 -9.727712926905548501e-14 1.048664570467511152e-13 -9.786200043369291050e-14 7.818920852825020059e-14 -5.740346773090920236e-14 4.009547892815403932e-14 -2.068545171636176067e-14 -3.301769064426863540e-15 2.258467950326226179e-14 -3.337148449749604352e-14 3.199600421361851847e-14 -3.366752537315678692e-14 4.528216886754330389e-14 -5.500001030034961098e-14 7.126924195182862499e-14 -7.219221837786458604e-14 7.440382038779467828e-14 -6.960153228389274138e-14 9.260245411546238161e-14 9.999999999999324984e-01 7.619267168834950588e-14 -2.793940085544974559e-14 2.075957424002247528e-14
-1.061454200014924415e-14 4.838681951618102428e-14 -1.058556344309521061e-13 1.492916928764401281e-13 -1.128597808926980224e-13 2.255701120545512370e-14 4.705355234552797112e-14 -5.691524924690331762e-14 6.111627664255718158e-14 -5.424737774883756253e-14 4.014194019176533109e-14 -2.900751756922415027e-14 1.620713141983004157e-14 1.212445538076205526e-15 -1.274241712987264927e-14 2.008305062135385995e-14 -2.264419616854189053e-14 2.912293385204494222e-14 -3.566464751749349138e-14 3.908994767953034112e-14 -4.471984402721721645e-14 4.190124584946152807e-14 -2.559694312951262831e-14 4.848427508056956145e-15 -1.125805849235287551e-14 4.161673112119964789e-14 9.999999999999701350e-01 4.006424609741228781e-14 -1.508875225934547509e-14
8.621570682361194862e-15 -3.525868525340196058e-14 7.550597848473626070e-14 -1.057450166123085511e-13 8.293190983328805891e-14 -2.442699041802417685e-14 -2.462464983181870060e-14 3.849488801807966860e-14 -4.747932056324894500e-14 4.360997754828339049e-14 -3.138525397602321197e-14 2.194231714288389095e-14 -1.157894438296645815e-14 1.786249467628611427e-15 5.814724796249411975e-15 -7.628848696288573861e-15 6.961412352032244552e-15 -5.322112031634918610e-15 7.604177410303679216e-15 -1.066027139230413226e-14 1.746153719842700174e-14 -1.648879880257916126e-14 1.137328350082298254e-14 -4.250695465405178145e-15 1.218984925346752804e-14 -1.559717971490448946e-14 3.047606320023566930e-14 9.999999999999978906e-01 9.523050726326154725e-15
-1.952102873599214744e-15 9.350311610574959675e-15 -2.383305528201682708e-14 3.490122428961246772e-14 -2.746646090568399058e-14 6.246694965149498250e-15 1.181378162990384392e-14 -1.817857649655322245e-14 2.221327281666500378e-14 -1.991186734211298479e-14 1.333238877018418079e-14 -9.200801617944233650e-15 5.162843880392472682e-15 -2.927604786407387818e-15 2.004258215298436215e-15 -7.404812163161913781e-16 3.876388015398134871e-16 9.887190939484574716e-16 -3.289165905784322694e-15 4.891968773802252683e-15 -1.012770146403097727e-14 8.591054385509526678e-15 -8.258749758822354114e-15 5.301258435078142952e-15 -7.781022725880689711e-15 8.185705525768975558e-15 -4.185846251517557610e-15 8.529115002782176088e-15 9.999999999999985567e-01
